8102  7450  5590  3154  981   213   7     0     0     0     0     0     0     0     0     0     0     0     0     0     0     0     0     0     1     115   1880  4669  6636  7850  8117  8030  
8016  6972  4938  2498  740   79    1     0     0     0     0     0     0     0     0     0     0     0     0     0     0     0     0     0     1     30    1075  4320  6303  7703  8085  8139  
7855  6576  4126  2034  396   24    0     0     0     0     0     0     0     0     0     0     0     0     0     0     0     0     0     0     0     10    669   3452  5648  7375  8059  8091  
7597  6231  3448  1339  174   6     0     0     0     0     0     0     0     0     0     0     0     0     0     0     0     0     0     0     0     4     320   2778  5303  6955  8045  8094  
7406  5689  2663  970   58    1     0     0     0     0     0     0     0     0     0     0     0     0     0     0     0     0     0     0     0     4     118   2015  4907  6476  7830  8097  
7070  5099  2302  672   10    0     0     0     0     0     0     0     0     0     0     0     0     0     0     0     0     0     0     0     0     0     75    1406  4392  5981  7560  8067  
6552  4396  1643  369   6     0     0     0     0     0     0     0     0     0     0     0     0     0     0     0     0     0     0     0     0     0     21    787   3393  5494  7161  7985  
6220  3705  1235  177   1     0     0     0     0     0     0     0     0     0     0     0     0     0     0     0     0     0     0     0     0     0     7     467   2771  4892  6862  7851  
5423  2706  846   34    0     0     0     0     0     0     0     0     0     0     0     0     0     0     0     0     0     0     0     0     0     0     0     97    1771  4258  6194  7756  
4935  2276  527   27    0     0     0     0     0     0     0     0     0     0     0     0     0     0     0     0     0     0     0     0     0     0     0     69    1131  3384  5860  7630  
4511  1935  280   6     0     0     0     0     0     0     0     0     0     0     0     0     0     0     0     0     0     0     0     0     0     0     0     16    511   2807  5393  7439  
4411  1784  119   0     0     0     0     0     0     0     0     0     0     0     0     0     0     0     0     0     0     0     0     0     0     0     0     5     288   2370  5381  7512  
4327  1713  54    2     0     0     0     0     0     0     0     0     0     0     0     0     0     0     0     0     0     0     0     0     0     0     0     2     186   1850  5073  7193  
4298  1639  43    0     0     0     0     0     0     0     0     0     0     0     0     0     0     0     0     0     0     0     0     0     0     0     0     1     151   1641  4874  7321  
4364  1639  91    0     0     0     0     0     0     0     0     0     0     0     0     0     0     0     0     0     0     0     0     0     0     0     0     0     170   1776  5121  7376  
4384  1698  153   0     0     0     0     0     0     0     0     0     0     0     0     0     0     0     0     0     0     0     0     0     0     0     0     6     455   2320  5273  7574  
4807  1995  324   9     0     0     0     0     0     0     0     0     0     0     0     0     0     0     0     0     0     0     0     0     0     0     0     31    690   2790  5451  7365  
5338  2636  782   47    0     0     0     0     0     0     0     0     0     0     0     0     0     0     0     0     0     0     0     0     0     0     0     66    1182  3656  5873  7471  
5678  3059  1092  97    0     0     0     0     0     0     0     0     0     0     0     0     0     0     0     0     0     0     0     0     0     0     1     151   1909  4244  6361  7603  
6025  3644  1411  228   2     0     0     0     0     0     0     0     0     0     0     0     0     0     0     0     0     0     0     0     0     0     1     232   2278  4762  6443  7677  
6457  4336  1839  413   8     0     0     0     0     0     0     0     0     0     0     0     0     0     0     0     0     0     0     0     0     0     10    544   2924  5258  7105  7916  
6831  4976  2190  736   43    0     0     0     0     0     0     0     0     0     0     0     0     0     0     0     0     0     0     0     0     0     24    1049  3857  5844  7351  8045  
7230  5635  2793  1159  111   2     0     0     0     0     0     0     0     0     0     0     0     0     0     0     0     0     0     0     0     0     85    1464  4330  6186  7673  8101  
7629  6285  3623  1728  343   16    0     0     0     0     0     0     0     0     0     0     0     0     0     0     0     0     0     0     0     3     231   2623  5260  6873  7919  8115  
7835  6642  4332  2236  632   86    0     0     0     0     0     0     0     0     0     0     0     0     0     0     0     0     0     0     0     3     457   3318  5610  7253  8059  8140  
7935  7132  5051  2886  1171  238   7     0     0     0     0     0     0     0     0     0     0     0     0     0     0     0     0     0     0     25    1045  4106  6032  7632  8092  8136  
8155  7574  5814  3700  1430  434   43    0     0     0     0     0     0     0     0     0     0     0     0     0     0     0     0     0     0     85    1743  4746  6442  7770  8112  8081  
8051  7710  6222  4492  2062  839   188   8     0     0     0     0     0     0     0     0     0     0     0     0     0     0     0     0     5     245   2637  5106  6900  7967  8130  8109  
8142  8011  6836  5120  2890  1535  353   43    1     0     0     0     0     0     0     0     0     0     0     0     0     0     0     0     8     781   3503  5379  7321  8081  8157  8081  
8060  8044  7143  5777  3722  2293  1060  257   7     0     0     0     0     0     0     0     0     0     0     0     0     0     0     8     60    1381  4427  5854  7731  8039  8088  8097  
8075  8025  7625  6338  4674  2810  1609  551   52    0     0     0     0     0     0     0     0     0     0     0     0     0     0     16    268   2649  4888  6204  8050  8054  8083  8085  
